Code	Count	#	Symbol
=========================================================
32	2.63775e+007
33	1078
34	18141
35	4875
36	684
37	38
38	29594
39	145842
40	444021
41	443473
42	1879
43	2512
44	44328
45	917744
46	283256
47	97878
48	1.04129e+006
49	1.53276e+006
50	1.07582e+006
51	805568
52	734765
53	740413
54	588316
55	538960
56	480764
57	514731
58	9544
59	23968
60	698
61	214
62	931
63	9128
64	799
65	3.05065e+006
66	2.26648e+006
67	4.51056e+006
68	2.50298e+006
69	1.9772e+006
70	1.0964e+006
71	1.31745e+006
72	2.0873e+006
73	820589
74	565853
75	906954
76	2.52627e+006
77	2.0613e+006
78	1.84455e+006
79	1.0596e+006
80	2.18724e+006
81	99201
82	5.27992e+006
83	6.19591e+006
84	1.63523e+006
85	391713
86	882957
87	2.09539e+006
88	44642
89	188704
90	180761
91	922
92	594
93	916
94	15
95	11381
96	13422
97	1.9889e+007
98	1.94586e+006
99	4.14465e+006
100	8.57581e+006
101	2.54306e+007
102	1.31835e+006
103	4.59159e+006
104	6.11046e+006
105	1.19371e+007
106	491181
107	3.2096e+006
108	1.07951e+007
109	3.32986e+006
110	1.43275e+007
111	1.39791e+007
112	2.08333e+006
113	124428
114	1.67968e+007
115	8.79632e+006
116	1.47733e+007
117	6.29763e+006
118	2.93335e+006
119	2.68004e+006
120	244182
121	3.52269e+006
122	701054
123	67
124	265
125	67
126	160
129	3
130	2
131	2
139	4
144	1
146	2
150	1
157	1
158	1
160	289
161	20
162	2
163	5
164	9
165	1
166	2
167	6
168	11
169	19
170	139
171	484
173	37
174	2
175	3
176	1105
177	3
178	5
179	6
180	572
181	7
182	6
183	104
185	9
186	240
187	482
188	3
190	1
191	72
192	208
193	3012
194	155
195	44
196	3764
197	4377
198	330
199	1338
200	72
201	15151
202	12
203	11
204	7
205	357
206	1351
207	4
208	384
209	192
210	30
211	457
212	125
213	260
214	7384
215	11
216	3472
217	16
218	1250
220	2991
221	10
222	257
223	845126
224	12215
225	88241
226	13325
227	10617
228	210191
229	26478
230	15507
231	10809
232	36252
233	157329
234	6872
235	4414
236	1147
237	59628
238	2744
239	3267
240	3969
241	12301
242	1773
243	52647
244	7471
245	2519
246	143554
248	27795
249	1425
250	13007
251	1765
252	188963
253	7351
254	55
255	24
256	180
257	7519
258	29
259	10417
260	17
261	6007
262	324
263	5758
264	5
265	1
266	22
267	59
268	4246
269	17522
270	74
271	177
272	1959
273	661
274	43
275	1183
277	5
278	2
279	1437
280	8
281	8428
282	1
283	8262
284	3
285	12
286	2
287	1839
288	57
289	42
290	50
291	134
293	5
294	27
295	70
297	228
298	40
299	5600
301	1
302	4
303	6
304	1103
305	6562
307	1
308	2
309	1
310	141
311	358
312	1
313	4
314	11
315	24
316	923
317	174
318	1370
320	3
321	3005
322	33831
323	9
324	11378
325	4
326	1007
327	2
328	2215
331	6
332	229
333	4328
335	18
336	105
337	3244
338	26
339	334
341	42
344	418
345	8780
346	3661
347	7782
348	3
349	7
350	796
351	2869
352	6359
353	18312
354	242
355	684
356	27
357	819
359	3
361	63
362	39
363	2435
364	2
365	42
367	2364
368	8
369	483
370	2
371	1361
373	36
375	30
376	2
377	148
378	979
379	2666
380	5483
381	2616
382	10710
383	1
399	10
417	616
431	8
432	1434
447	1
456	2
462	303
464	111
466	31
468	138
474	1
476	2
482	1
486	2
487	2
510	1
535	6
536	1065
537	6728
538	179
539	3145
552	2
553	4
594	1
596	4
600	3
601	141
603	5
609	1
611	1
616	1
618	7
633	2
643	1
652	1
699	69
700	1
702	3
703	9
711	4
712	9
714	1
720	3
750	1
768	2
769	230
770	6
771	4
772	21
773	49
776	6
781	9
803	2
807	93
809	1
817	37
818	21
856	1
862	18
863	18
902	731
904	119
905	8
906	41
908	137
910	14
912	15
913	4280
914	915
915	1061
916	1136
917	7180
918	215
919	430
920	420
921	970
922	2741
923	1317
924	1834
925	1285
926	88
927	9098
928	2622
929	641
931	2114
932	901
933	413
934	522
935	456
936	64
937	198
938	1
940	4643
941	1927
942	6650
943	5119
945	16264
946	1117
947	3857
948	11113
949	5507
950	460
951	4971
952	5932
953	14805
954	10345
955	6650
956	4652
957	14563
958	367
959	16195
960	2559
961	10548
962	15890
963	4348
964	9131
965	6870
966	1211
967	1397
968	96
969	2123
970	102
971	21
972	11798
973	1917
974	1435
978	1
981	1
987	1
988	1
1008	1
1024	1
1025	38
1026	25
1027	57
1028	176
1029	8
1030	1016
1031	107
1032	221
1033	41
1034	12
1035	14
1036	6
1038	4
1039	26
1040	19293
1041	26129
1042	19641
1043	18027
1044	17998
1045	3668
1046	3833
1047	11054
1048	7521
1049	397
1050	40359
1051	16177
1052	26734
1053	15152
1054	13888
1055	32664
1056	15563
1057	39291
1058	16310
1059	8380
1060	3844
1061	6669
1062	3752
1063	7781
1064	7732
1065	945
1066	5
1067	130
1068	192
1069	1964
1070	2183
1071	4891
1072	327097
1073	35622
1074	143919
1075	37233
1076	56030
1077	200924
1078	16358
1079	29280
1080	187814
1081	50165
1082	172644
1083	180691
1084	48167
1085	176448
1086	304851
1087	48260
1088	183722
1089	135478
1090	94572
1091	121272
1092	5623
1093	17490
1094	34030
1095	27134
1096	22725
1097	7549
1098	2106
1099	35014
1100	42506
1101	2032
1102	5354
1103	82506
1105	3247
1106	61
1107	33
1108	536
1109	1
1110	25960
1111	2057
1112	882
1113	147
1114	132
1115	441
1116	85
1118	972
1119	79
1121	2
1123	1
1143	1
1168	9
1169	6
1170	3
1171	67
1173	3
1175	1
1177	25
1178	63
1179	268
1183	2
1184	2
1185	1
1187	60
1191	8
1193	2
1195	1
1197	6
1198	12
1199	152
1201	9
1202	5
1203	31
1205	2
1206	13
1207	42
1210	1
1214	1
1224	1
1240	5
1241	51
1249	1
1251	9
1255	4
1256	25
1257	185
1263	98
1269	2
1329	136
1330	9
1331	11
1332	9
1333	7
1334	3
1335	1
1337	7
1338	1
1339	8
1340	5
1341	1
1342	1
1343	13
1344	27
1345	2
1346	2
1347	2
1348	11
1350	4
1351	5
1353	3
1354	4
1355	1
1356	2
1357	12
1358	10
1359	6
1360	1
1364	4
1365	3
1366	3
1377	372
1378	20
1379	21
1380	39
1381	71
1382	17
1383	1
1385	6
1386	1
1387	109
1388	28
1389	24
1390	5
1391	20
1392	5
1393	5
1394	11
1395	5
1396	20
1397	52
1398	139
1399	7
1400	95
1402	9
1403	8
1404	11
1405	125
1406	28
1407	41
1408	223
1409	9
1410	60
1411	2
1412	96
1413	2
1414	1
1415	6
1456	14
1457	1
1460	8
1461	5
1462	2
1463	13
1464	9
1465	8
1467	1
1468	14
1470	3
1473	4
1488	8014
1489	9629
1490	4107
1491	7455
1492	14679
1493	18003
1494	2193
1495	4591
1496	2398
1497	22572
1498	1016
1499	2565
1500	9928
1501	3957
1502	8615
1503	6186
1504	7249
1505	3799
1506	4126
1507	701
1508	3439
1509	419
1510	3285
1511	4645
1512	16379
1513	7341
1514	7269
1521	1
1523	8
1548	6
1567	68
1569	2905
1570	552
1571	12450
1572	805
1573	1734
1574	3888
1575	207449
1576	69995
1577	70113
1578	33341
1579	1787
1580	28241
1581	30513
1582	16568
1583	52686
1584	898
1585	115414
1586	16668
1587	42004
1588	28134
1589	13759
1590	11341
1591	15937
1592	895
1593	50556
1594	8493
1600	55
1601	18638
1602	33117
1603	19656
1604	152203
1605	68666
1606	66107
1607	17406
1608	70099
1609	3161
1610	120643
1611	8
1612	1
1613	1
1614	56
1615	47
1616	54
1617	1465
1618	5
1620	96
1638	26
1657	16
1660	3
1662	299
1670	110
1672	17
1673	2
1676	3
1681	2
1688	27
1690	1
1700	2
1705	623
1707	3
1709	7
1711	576
1722	6
1726	51
1729	222
1734	7
1735	22
1736	5
1739	9
1740	2684
1742	1
1744	17
1746	24
1749	94
1776	10
1777	38
1778	18
1779	10
1780	8
1781	8
1782	10
1783	13
1784	5
1785	3
1808	17
1810	9
1811	6
1813	4
1815	3
1816	15
1817	1
1819	2
1821	13
1823	4
1824	7
1825	6
1826	15
1827	8
1830	4
1832	1
1833	1
1834	13
1836	3
1920	1
1922	24
1923	16
1924	4
1926	9
1927	17
1928	4
1929	5
1930	5
1931	5
1932	4
1933	11
1934	4
1936	8
1937	5
1938	5
1939	4
1940	3
1941	3
1942	5
1949	1
1950	1
1958	17
1959	17
1960	21
1961	7
1962	28
1963	2
1964	11
1965	9
1966	7
1967	3
1968	22
2305	10
2306	89
2309	71
2310	7
2311	18
2312	12
2313	13
2314	3
2317	1
2319	4
2320	1
2323	3
2324	2
2325	156
2326	28
2327	397
2328	9
2329	9
2330	50
2331	2
2332	348
2333	7
2334	37
2335	52
2336	3
2337	73
2338	6
2339	47
2340	196
2341	24
2342	455
2343	43
2344	606
2346	140
2347	28
2348	128
2349	23
2350	576
2351	108
2352	965
2354	267
2357	70
2358	29
2359	23
2360	209
2361	301
2364	25
2366	887
2367	194
2368	350
2369	236
2370	24
2371	7
2373	2
2375	270
2376	31
2377	7
2379	103
2380	15
2381	1433
2386	1
2407	1
2411	1
2433	2
2434	4
2437	1
2438	8
2439	13
2441	14
2447	2
2451	12
2452	1
2453	66
2454	6
2455	27
2456	2
2458	5
2460	17
2462	4
2463	86
2465	33
2467	14
2468	28
2469	9
2470	33
2471	4
2472	116
2474	35
2475	20
2476	53
2477	7
2478	53
2479	53
2480	145
2482	74
2486	12
2487	27
2488	54
2489	28
2492	45
2494	213
2495	95
2496	58
2497	56
2503	54
2507	25
2509	210
2527	7
2544	10
2545	5
2562	1
2565	2
2566	5
2570	1
2581	3
2583	2
2586	3
2588	63
2591	2
2593	2
2595	1
2596	64
2597	3
2599	3
2600	4
2602	7
2604	2
2606	2
2608	13
2610	70
2616	67
2617	4
2620	2
2622	11
2623	8
2624	2
2625	66
2626	2
2632	1
2637	3
2652	1
2672	5
2690	8
2693	2
2694	2
2695	1
2709	3
2711	16
2716	3
2721	1
2723	1
2724	1
2725	1
2726	7
2728	5
2730	2
2734	2
2735	1
2736	1
2738	1
2741	2
2743	1
2744	1
2750	18
2751	3
2752	4
2759	1
2763	1
2765	3
2837	1
2844	1
2852	1
2856	2
2858	2
2872	1
2878	4
2879	1
2893	1
2949	7
2950	9
2951	3
2958	5
2962	2
2963	1
2965	54
2969	10
2970	30
2972	3
2974	2
2975	23
2979	6
2980	38
2984	14
2985	30
2986	27
2990	23
2991	25
2992	27
2993	15
2994	27
2995	6
2996	1
2997	13
3000	5
3006	40
3007	51
3008	8
3009	52
3010	4
3014	18
3015	7
3016	19
3018	8
3019	12
3021	111
3074	8
3077	3
3079	1
3080	1
3081	1
3093	13
3094	1
3095	5
3100	12
3103	5
3105	7
3107	7
3108	4
3109	1
3110	7
3112	21
3114	4
3115	2
3116	7
3118	3
3119	15
3120	19
3122	12
3125	3
3126	2
3127	8
3128	6
3129	1
3134	33
3135	28
3136	6
3137	7
3139	6
3142	8
3143	1
3144	2
3146	4
3147	4
3149	46
3202	22
3205	8
3206	1
3208	1
3209	1
3218	1
3221	18
3222	1
3223	24
3228	6
3231	7
3233	5
3235	9
3236	8
3237	1
3238	15
3240	24
3242	3
3244	7
3246	6
3247	16
3248	21
3250	13
3251	3
3253	6
3254	1
3255	10
3256	8
3257	1
3262	36
3263	22
3264	5
3265	9
3266	3
3267	6
3270	10
3271	2
3272	3
3274	8
3275	2
3277	45
3330	14
3333	5
3334	1
3335	3
3336	1
3337	1
3346	1
3349	19
3350	1
3351	21
3353	4
3354	2
3356	9
3358	4
3359	13
3361	6
3363	5
3364	13
3366	11
3368	28
3370	7
3372	8
3374	4
3375	20
3376	18
3377	23
3378	12
3379	1
3381	12
3382	2
3383	3
3384	10
3385	2
3390	28
3391	34
3392	8
3393	13
3398	11
3399	5
3400	1
3402	5
3403	15
3405	82
3482	1
3484	1
3490	1
3505	1
3508	1
3510	1
3512	2
3513	1
3514	2
3515	1
3517	1
3524	1
3525	1
3535	2
3538	2
3548	1
3585	3059
3586	1146
3587	70
3588	1042
3590	10
3591	3372
3592	812
3593	82
3594	1224
3595	519
3596	1
3597	240
3598	24
3599	14
3600	100
3601	18
3602	61
3603	287
3604	1374
3605	2037
3606	945
3607	1776
3608	393
3609	6812
3610	2008
3611	1224
3612	178
3613	26
3614	1900
3615	199
3616	423
3617	3337
3618	3699
3619	5262
3620	39
3621	2355
3623	2771
3624	729
3625	431
3626	2117
3627	1520
3628	52
3629	3103
3630	181
3631	52
3632	1328
3633	1822
3634	6833
3635	1080
3636	2514
3637	2110
3638	102
3639	713
3640	1358
3641	816
3648	3940
3649	1308
3650	1382
3651	161
3652	487
3654	1
3655	360
3656	2562
3657	2829
3658	250
3659	645
3660	980
3661	3
3664	2
3665	1
3666	17
3669	2
3673	2
3713	27
3714	68
3716	21
3719	114
3720	11
3722	23
3725	12
3732	39
3733	19
3734	15
3735	40
3737	168
3738	15
3739	27
3740	2
3742	23
3743	3
3745	115
3747	3
3749	34
3751	62
3754	24
3755	31
3757	106
3758	34
3760	59
3761	34
3762	134
3763	66
3764	22
3765	7
3767	15
3768	11
3769	23
3771	26
3772	8
3773	9
3776	18
3777	66
3778	11
3780	17
3784	96
3785	85
3789	10
3804	1
3805	14
3851	316
3853	16
3904	37
3905	6
3906	80
3908	71
3909	2
3910	24
3911	7
3913	23
3914	2
3916	3
3919	4
3920	4
3921	16
3923	30
3924	40
3925	3
3926	19
3928	30
3929	23
3930	10
3931	1
3933	2
3934	1
3936	22
3937	48
3938	74
3939	34
3940	4
3942	54
3943	3
3944	5
3953	3
3954	42
3956	48
3962	24
3964	82
3986	4
3988	1
4001	2
4003	1
4004	3
4005	2
4008	1
4009	4
4011	8
4017	6
4018	17
4019	24
4023	8
4096	14
4097	47
4098	1
4100	89
4101	91
4102	1
4106	12
4112	47
4113	5
4114	1
4116	27
4117	14
4119	1
4120	2
4121	130
4122	9
4123	67
4124	9
4125	12
4126	4
4129	3
4135	12
4139	2
4140	89
4141	26
4142	22
4143	29
4144	4
4145	79
4146	44
4150	8
4151	7
4152	48
4153	129
4154	94
4155	3
4156	48
4157	7
4158	4
4304	1356
4305	213
4306	155
4307	159
4308	561
4309	593
4310	94
4311	243
4312	1478
4313	419
4314	373
4315	511
4316	320
4317	401
4318	36
4319	8
4320	703
4321	494
4322	363
4323	215
4324	56
4325	172
4326	50
4327	46
4328	134
4329	45
4330	53
4331	64
4332	83
4333	31
4334	181
4335	44
4336	4
4609	1
4611	1
4614	1
4616	3
4617	2
4618	4
4619	10
4620	2
4621	20
4622	1
4624	2
4627	1
4628	2
4629	7
4632	11
4634	2
4635	10
4636	5
4637	10
4638	6
4648	8
4649	6
4650	16
4651	5
4652	1
4653	21
4654	6
4656	6
4659	3
4660	2
4661	12
4662	1
4667	1
4669	1
4672	6
4673	4
4674	1
4675	1
4678	2
4704	5
4705	4
4706	2
4707	102
4708	9
4709	10
4710	5
4720	5
4721	4
4723	3
4724	1
4725	11
4726	2
4733	5
4752	5
4754	5
4755	13
4756	2
4757	32
4763	1
4768	31
4770	2
4771	5
4772	1
4773	1
4774	1
4776	2
4779	13
4780	2
4781	5
4782	4
4787	1
4803	1
4808	1
4810	3
4811	2
4813	1
4819	74
4824	2
4825	1
4826	1
4827	1
4829	4
4830	6
4834	1
4840	3
4843	15
4845	87
4846	1
4848	14
4849	1
4850	4
4851	13
4853	9
4864	4
4866	1
4867	4
4868	1
4869	1
4870	3
4872	4
4873	2
4874	3
4875	4
4877	6
4878	12
4900	2
4901	4
4904	2
4909	5
4917	1
4925	1
4933	1
4936	3
4938	3
4939	2
4941	8
4946	1
4947	2
5024	2
5026	1
5028	1
5030	1
5034	1
5043	1
5044	1
5045	1
5047	1
5048	1
5054	1
5058	3
5062	1
5063	2
5065	1
5069	1
5074	1
5079	1
5091	1
5101	1
5103	2
5123	1
5130	3
5176	1
5193	1
5198	1
5200	1
5205	1
5222	2
5229	2
5231	1
5315	1
5328	3
5381	1
6016	12
6017	1
6018	89
6020	57
6021	3
6023	5
6026	1
6030	2
6031	14
6032	1
6033	3
6034	2
6035	12
6036	13
6037	3
6038	8
6039	1
6040	57
6041	6
6042	19
6043	9
6044	5
6047	14
6048	1
6050	2
6055	1
6070	25
6071	5
6072	4
6073	1
6075	11
6076	1
6077	1
6078	1
6080	3
6081	47
6082	7
6083	2
6084	5
6086	7
6087	5
6088	1
6089	4
6091	9
6093	1
6096	2
6098	62
6660	1
6669	1
6683	1
7693	1
7696	107
7697	302
7716	1
7717	3
7720	919
7721	664
7722	1
7723	1
7731	2
7734	2
7735	4
7777	5
7779	4
7781	2
7788	2
7789	3
7795	3
7841	1080
7842	2
7843	359
7844	7
7845	214
7847	694
7848	1
7849	37
7851	9
7853	287
7855	284
7857	35
7859	6
7861	4
7863	78
7865	9
7867	652
7869	7
7871	359
7873	176
7875	147
7877	700
7879	556
7881	31
7883	272
7885	222
7887	44
7888	2
7889	672
7891	482
7893	90
7895	47
7897	347
7899	213
7901	631
7903	47
7907	159
7909	62
7911	122
7913	193
7915	86
7917	84
7919	93
7921	65
7923	100
7927	9
7929	163
7945	1
7949	1
8046	5
8057	1
8061	1
8201	2
8203	64
8204	186
8205	19
8206	704
8207	17
8208	16
8211	1913
8212	345
8216	1012
8217	1861
8218	7
8220	221
8221	122
8222	264
8224	9
8225	1
8226	37
8230	8
8240	1
8249	2
8250	1
8319	5
8322	3
8364	29
8470	4981
8482	4
8544	4
8545	9
8594	2
8706	4
8722	150
11568	1
11575	1
11579	1
11604	1
11618	1
11621	1
12288	114
12289	10
12290	2
12293	106
12298	1
12300	25
12301	25
12354	167
12356	695
12358	139
12360	218
12361	1
12362	343
12363	234
12364	146
12365	284
12366	36
12367	623
12368	16
12369	101
12370	19
12371	117
12372	24
12373	286
12374	34
12375	383
12376	95
12377	165
12378	81
12379	187
12380	173
12381	23
12382	3
12383	315
12384	46
12385	337
12386	2
12387	43
12388	220
12389	17
12390	296
12391	20
12392	175
12393	126
12394	279
12395	46
12396	20
12397	11
12398	1252
12399	113
12400	125
12401	10
12402	70
12403	66
12404	3
12405	59
12406	24
12407	3
12408	9
12409	14
12411	201
12412	30
12413	26
12414	277
12415	469
12416	19
12417	58
12418	101
12419	20
12420	133
12421	4
12422	106
12423	29
12424	46
12425	309
12426	2505
12427	61
12428	60
12429	287
12431	599
12432	1
12434	3
12435	426
12449	102
12450	925
12451	251
12452	1579
12453	6
12454	313
12455	141
12456	314
12457	29
12458	195
12459	248
12460	106
12461	315
12462	36
12463	799
12464	338
12465	140
12466	32
12467	220
12468	240
12469	373
12470	84
12471	288
12472	339
12473	1554
12474	103
12475	528
12476	25
12477	141
12478	18
12479	957
12480	122
12481	104
12482	5
12483	400
12484	190
12486	294
12487	184
12488	1107
12489	593
12490	236
12491	257
12492	3
12493	318
12494	847
12495	119
12496	516
12497	752
12498	33
12499	210
12500	53
12501	417
12502	452
12503	248
12504	17
12505	65
12506	38
12507	121
12508	49
12509	122
12510	395
12511	197
12512	207
12513	168
12514	263
12515	108
12516	98
12517	151
12518	39
12519	103
12520	65
12521	775
12522	922
12523	1469
12524	595
12525	466
12527	209
12528	1
12531	2753
12532	89
12534	630
12539	359
12540	3279
12583	2
12596	4
12622	1
12828	24
14565	1
19968	1334
19969	849
19971	424
19975	212
19976	19
19977	2346
19978	2582
19979	1456
19981	91
19982	31
19985	2
19987	6
19988	2
19990	234
19992	404
19993	4
19994	24
19995	2
19996	588
19997	1
20001	98
20004	16
20005	1
20006	127
20010	17
20011	1
20013	4845
20016	88
20018	25
20020	87
20024	256
20025	190
20026	5
20027	77
20028	1
20029	40
20035	25
20037	603
20041	51
20043	211
20044	102
20045	12
20048	67
20052	2
20055	12
20057	39
20061	586
20062	18
20063	1
20064	2
20065	188
20070	22
20080	3
20081	4
20083	14
20094	9
20096	73
20102	1
20104	813
20105	1
20107	100
20108	1102
20110	4
20113	114
20114	3
20116	669
20117	1382
20120	7
20122	64
20124	2
20126	25
20130	3
20132	779
20133	38
20134	3
20135	1
20136	28
20140	4233
20141	106
20142	3
20146	1
20147	1
20154	125
20160	32
20161	219
20166	2
20170	262
20171	38
20174	4
20175	31
20177	90
20179	15
20180	57
20181	3
20182	3
20184	12
20185	477
20193	4
20195	320
20196	5
20197	3
20202	4
20204	4
20206	3
20210	36
20214	11
20219	49
20221	1
20225	9
20234	1408
20237	2
20238	1
20239	95
20240	2
20241	19
20247	2
20249	2
20250	594
20253	23
20254	1
20255	13
20256	2
20262	35
20271	185
20276	4
20280	3
20284	47
20285	4
20291	6
20294	81
20301	12
20302	1
20303	196
20304	986
20305	12
20307	91
20309	4
20312	1
20313	62
20315	30
20316	67
20320	1
20324	20
20332	4
20336	1
20339	17
20348	5
20351	15
20358	8
20363	8
20365	5
20375	12
20379	6
20381	32
20385	6
20391	2
20399	11
20415	335
20420	13
20426	4
20433	1
20445	434
20449	959
20451	41
20461	1
20462	32
20465	1
20469	4
20470	5
20489	525
20493	14
20505	1
20518	2
20523	38
20534	14
20547	2
20551	18
20559	2
20565	2
20572	214
20581	70
20596	68
20598	1
20613	7
20616	10
20621	20
20632	3
20633	513
20643	32
20648	3
20659	1
20685	2
20687	24
20689	3
20723	10
20736	9
20747	2
20754	2
20791	1
20799	7
20801	2
20803	197
20804	2
20805	4
20806	6
20808	21
20809	650
20811	125
20813	141
20814	4
20816	325
20818	1
20822	3
20826	1
20828	8
20834	2
20837	655
20839	39
20840	29
20843	1175
20844	2460
20845	353
20848	298
20849	45
20851	93
20852	164
20853	79
20854	7
20855	19
20856	17
20857	4
20859	11
20860	4
20864	2
20869	859
20870	33
20872	16
20876	2
20877	13
20885	2
20889	2
20891	12
20892	26
20896	18
20908	9
20911	4
20912	3
20914	8
20918	6
20919	16
20937	11
20940	17
20957	10
20960	4
20961	2
20964	47
20966	21
20975	10
20976	6
20977	8
20985	2
20986	252
20989	694
20992	15
20995	2
20998	223
20999	92
21000	33
21009	7
21010	1
21015	19
21016	6
21017	9
21018	5
21019	3
21021	42
21028	10
21029	528
21033	230
21035	3
21040	1
21046	2
21047	8
21048	4
21050	4
21051	3
21066	8
21069	2132
21073	10
21083	8
21091	12
21092	7
21095	6
21105	2
21106	8
21109	34
21122	2
21123	4
21127	19
21129	1
21133	2
21140	3
21147	70
21149	5
21150	2
21151	58
21152	349
21153	10
21160	12
21161	21
21162	2
21170	1
21171	17
21172	7
21185	12
21187	6
21189	2
21191	17
21193	2
21200	11
21202	32
21205	2488
21208	2
21209	142
21213	302
21214	3
21218	758
21220	17
21223	2
21246	6
21247	9
21248	2
21253	45
21256	2
21270	228
21271	4965
21277	2
21280	1
21295	6
21305	1
21306	2143
21307	134
21312	109
21313	309
21315	978
21317	1
21319	4
21320	7
21322	62
21326	216
21327	3
21329	7
21331	13
21332	32
21333	6
21334	1
21335	3713
21338	158
21340	3
21344	5
21345	27
21346	19
21350	3
21351	6
21355	17
21359	4
21360	60
21361	8
21363	3
21368	17
21375	5
21378	8
21380	7
21381	11
21382	12
21400	10
21402	255
21405	5
21407	2303
21410	2
21414	38
21416	16
21417	8
21426	2
21427	4
21439	3118
21442	70
21448	29
21449	7
21450	18
21451	68
21452	79
21453	15
21457	15
21462	90
21463	3
21465	3
21472	2
21473	116
21475	1437
21476	2628
21477	2
21482	165
21484	4
21485	1
21487	136
21488	995
21490	20
21491	132
21494	20
21495	3419
21496	45
21508	81
21512	265
21513	627
21516	96
21517	3177
21518	75
21520	11
21521	181
21525	3
21531	18
21536	4
21543	11
21547	5
21548	2
21551	4
21555	11
21556	34
21560	3
21561	65
21566	117
21570	47
21576	4
21577	179
21578	7
21585	4
21592	1
21608	109
21619	42
21628	42
21629	13
21632	8
21643	13
21644	1528
21654	45
21658	2
21669	2
21681	2
21682	13
21688	49
21693	2
21697	179
21704	134
21709	2
21729	20
21733	14
21736	3
21737	1
21746	5
21764	9
21776	170
21805	1
21806	1
21807	4
21830	113
21839	13
21843	10
21855	9
21857	45
21860	2
21888	122
21892	96
21895	91
21897	3
21916	150
21931	5
21932	2
21936	16
21942	1573
21943	2
21987	2
22025	118
22030	7
22068	11
22092	2
22108	1
22120	18
22132	16
22134	3
22218	4
22235	623
22238	54
22240	90
22242	8
22243	122
22253	207
22258	1
22259	91
22260	6
22266	21
22269	2296
22270	24
22275	3
22278	30
22280	3
22283	263
22285	31
22287	130
22290	1955
22291	12
22294	11
22303	1115
22307	14
22311	2
22312	73
22313	12
22317	5
22320	1701
22323	16
22330	135
22331	2
22336	16
22338	737
22343	2
22346	101
22350	3
22351	2
22352	1
22353	45
22363	16
22365	25
22366	5
22367	1
22369	23
22372	8
22374	14
22376	5
22378	69
22387	12
22389	1
22395	2
22402	12
22405	2
22411	3
22418	2
22433	1
22434	1
22435	67
22438	2
22443	2
22466	1
22467	9
22471	2
22475	1
22478	1219
22484	84
22485	3
22492	6
22495	86
22496	12
22500	6
22509	4
22516	3
22521	8
22522	131
22524	113
22528	397
22530	393
22533	29
22534	4
22541	1
22561	30
22564	155
22570	2
22576	35
22577	14
22580	1193
22581	4
22586	401
22602	1
22605	6
22612	89
22616	169
22617	11
22618	413
22622	17
22626	1
22633	244
22635	2
22637	2
22654	6
22659	168
22661	26
22675	48
22679	27
22680	8
22681	9
22687	9
22696	26
22697	8
22707	53
22721	40
22726	2
22727	4
22754	8
22756	3
22763	251
22764	7
22766	14
22767	1
22769	6
22770	43
22774	3
22775	5
22778	7
22781	103
22788	7
22793	30
22797	32
22799	58
22805	37
22806	223
22809	6
22810	950
22812	34
22818	31
22823	6215
22825	783
22826	386
22827	37
22830	2115
22836	42
22839	8
22841	2
22846	1
22852	1
22855	8
22856	349
22857	14
22862	8
22868	3
22872	2
22885	680
22887	14
22899	71
22900	4
22902	1
22909	35
22914	31
22915	4
22919	1
22937	43
22949	1
22955	4
22969	8
22971	134
22982	3
22985	23
22987	12
22993	8
22995	2
22996	2
23002	10
23004	2
23013	5
23016	4
23018	4
23019	249
23030	2
23041	40
23043	6
23044	8
23067	3
23068	3
23110	16
23142	12
23156	2
23162	5
23195	1
23229	1
23273	31
23340	6
23360	1
23376	637
23380	20
23382	2
23383	34
23384	5
23385	2
23386	2
23388	12
23389	33
23391	16
23395	10
23396	6
23398	1416
23401	2
23403	28
23416	115
23425	231
23429	36
23431	497
23432	65
23433	873
23435	1
23437	12
23439	13
23445	13
23447	284
23448	31
23449	3
23450	108
23451	9
23452	85
23453	246
23454	6
23455	54
23457	4
23458	133
23459	26
23460	637
23467	88
23470	1187
23472	22
23475	2
23478	285
23481	19
23485	7
23486	37
23487	409
23492	32
23493	3
23494	19
23500	1092
23506	77
23507	5
23515	2
23517	13
23519	189
23526	5
23527	24
23528	17
23534	21
23536	1
23539	1
23542	54
23545	2
23546	1133
23547	8
23550	2
23551	106
23553	12
23554	43
23556	21
23558	15
23559	8
23560	7
23561	3
23562	4
23566	5
23567	2492
23569	11
23572	265
23574	22
23578	26
23588	2
23591	5
23601	1
23610	4
23611	117
23612	202
23614	771
23615	1
23616	402
23618	2
23621	109
23624	17
23627	2579
23631	53
23633	1
23637	33
23646	30
23652	1
23653	4
23660	1
23663	117
23665	8536
23673	1
23674	2
23696	422
23697	2
23700	3
23703	28
23706	7
23707	193
23713	869
23714	2
23721	502
23723	2
23724	51
23725	69
23729	8
23731	103
23735	4
23736	407
23748	2
23749	4
23762	4
23769	2
23776	68
23777	113
23780	1
23782	2
23784	54
23786	8
23791	17
23792	147
23798	3302
23803	2
23805	2
23809	8
23810	2
23811	2
23814	2
23815	56
23822	1076
23830	1
23831	13
23833	14
23882	4
23888	87
23913	13
23919	44
23938	2
23947	4
23994	27
23996	9
23997	5
24012	7
24013	4
24018	1
24022	2
24029	4429
24030	998
24033	1
24034	8
24035	43
24037	258
24038	210
24039	7
24040	12
24041	14
24043	5
24046	343
24049	17
24051	7
24052	127
24055	339
24059	141
24061	7
24062	4
24066	5268
24067	261
24070	5
24072	12
24076	21
24085	3
24086	2
24093	40
24102	10
24107	111
24109	4
24111	28
24112	1
24119	6
24120	527
24125	1
24133	12
24140	339
24149	45
24161	268
24163	8
24171	1
24178	89
24179	1481
24180	56
24184	64
24185	717
24187	4
24188	66
24190	9
24191	214
24193	67
24195	956
24196	185
24198	86
24199	9
24202	17
24208	6
24211	50
24212	8
24213	27
24215	517
24217	22
24218	16
24220	616
24224	1
24230	101
24231	169
24235	154
24237	67
24245	15
24246	4
24247	124
24248	2
24259	2
24264	14
24265	3
24266	25
24269	1
24275	2
24278	1
24287	24
24288	22
24291	63
24307	2
24310	328
24311	2
24314	206
24315	9
24316	1
24319	6
24320	50
24321	39
24322	8
24324	77
24331	2
24335	16
24336	4
24339	17
24341	39
24343	5
24344	174
24347	1
24351	7
24352	33
24357	86
24358	10
24373	93
24375	32
24377	1
24378	7
24392	1
24396	10
24398	1
24402	2
24403	74
24405	2
24413	76
24418	141
24421	2
24422	200
24425	22
24427	3
24428	2
24429	11
24432	10
24433	28
24441	222
24444	3
24448	3
24449	3
24452	7
24453	13
24459	3
24460	565
24464	20
24465	58
24466	8
24471	66
24481	537
24489	86
24490	29
24494	7
24499	650
24503	380
24509	7
24515	121
24517	19
24525	23
24535	304
24540	6
24544	83
24555	102
24565	78
24571	4
24576	19
24594	111
24605	15
24609	19
24613	1571
24615	10
24635	1
24646	11
24651	12
24658	21
24681	49
24684	1
24685	1
24687	23
24693	50
24709	2
24735	3
24739	1
24742	4
24746	1
24773	12
24775	2
24785	1
24799	3
24800	48
24819	3
24833	1
24841	6
24847	17
24859	133
24863	2
24904	38
24907	1
24917	1
24932	10
24935	3
24944	7
24950	67
24962	1
24971	1
25001	6
25033	4
25079	7
25080	1
25096	3
25100	4
25102	6
25103	7
25104	634
25105	72
25112	2
25114	2
25126	5
25138	3
25140	2
25143	11
25144	1460
25151	116
25152	785
25159	15
25160	6
25163	389
25165	9
25166	25
25171	71
25173	4
25176	15
25191	2
25196	12
25198	2
25206	21
25209	1
25215	46
25216	49
25226	1
25237	14
25239	2
25240	41
25242	12
25244	2
25246	17
25252	11
25253	2
25260	1
25276	49
25277	1
25285	4
25289	153
25295	1
25296	2
25299	24
25302	5
25305	1
25307	9
25308	3
25309	14
25320	1
25329	5
25343	4
25345	23
25351	176
25353	1
25366	1
25369	2
25373	1
25375	2
25386	1
25391	19
25405	1
25407	2
25417	17
25438	2
25442	1
25448	4
25451	1
25463	96
25475	6
25479	2
25484	3
25490	15
25494	7
25496	2
25499	34
25504	4
25505	4
25506	6
25509	6
25514	5
25552	7
25554	2
25558	4
25562	2
25581	6
25588	5
25658	1
25666	14
25705	860
25722	5
25731	1
25746	7
25771	31
25773	93
25778	18
25783	2
25805	1
25810	2
25844	2
25846	2
25850	2
25856	3
25903	153
25910	2
25912	2
25913	4
25918	48
25919	74
25925	10
25928	1
25935	2
25937	4
25942	2
25945	112
25947	2
25954	2
25958	47
25964	26
25968	9
25972	15
25975	61
25976	11
25991	423
25993	2
25995	23
25998	18
26000	35
26007	21
26009	130
26012	15
26017	4
26023	2
26029	6
26031	184
26032	3360
26041	633
26044	4
26045	36
26049	10
26053	20
26059	9
26060	4
26063	577
26071	160
26075	13
26080	11
26085	3445
26086	15
26087	104
26088	2
26089	109
26092	5
26093	238
26102	14
26106	24
26114	20
26118	146
26119	3
26124	213
26126	455
26131	22
26132	2
26143	134
26144	4
26149	358
26157	119
26159	11
26172	3
26178	26
26179	2
26185	2
26187	18
26191	5
26195	2
26198	58
26202	1
26217	10
26222	49
26223	152
26228	27
26230	4
26234	191
26241	9
26247	3
26262	9
26263	4
26264	2
26274	6
26278	2
26280	2
26286	18
26311	6
26313	3
26329	28
26354	108
26355	24
26356	36
26360	128
26361	6
26364	8
26365	102
26366	5
26367	3
26368	20
26371	38
26376	188
26377	188
26379	4
26381	34
26384	2
26388	4
26391	56
26395	71
26397	141
26399	80
26408	1205
26410	8
26411	39
26412	4851
26413	504
26415	3
26417	24
26420	1
26426	66
26429	25
26433	2
26434	2
26435	5
26438	6
26441	167
26446	14
26447	12
26448	18
26449	475
26454	3
26460	10
26462	2
26463	13
26465	395
26469	169
26472	38
26475	2
26477	169
26479	6
26480	1
26481	6281
26485	8
26487	8
26494	1747
26495	111
26497	8
26503	8
26507	3
26512	1
26517	153
26519	565
26522	34
26524	15
26525	51
26526	2
26529	3
26531	6
26535	2
26543	2
26550	80
26564	26
26575	158
26577	3
26579	8
26580	4
26584	8
26586	39
26590	2
26597	3
26607	12
26609	14
26611	184
26612	45
26613	16
26619	1
26623	30
26626	2
26627	19
26628	113
26632	2
26638	2
26639	3
26641	28
26646	27
26647	248
26657	968
26658	2
26666	42
26680	4
26681	912
26684	51
26685	5
26686	10
26689	8
26690	36
26691	102
26693	2
26696	11
26704	34
26705	91
26707	4
26708	9
26716	281
26717	2
26719	52
26723	1
26725	294
26726	6
26727	7
26742	5
26753	28
26757	224
26765	1
26771	24
26775	9
26778	2
26781	23
26790	4
26791	7
26792	27
26799	47
26800	2
26803	6
26805	5
26806	11
26816	1
26825	18
26842	28
26847	50
26848	4
26849	1
26851	2
26855	1
26862	382
26865	9
26866	1
26869	4
26891	5
26893	53
26894	87
26898	4
26906	6
26908	16
26917	2
26928	2
26932	1
26943	14
26954	8
26963	2
26970	15
26976	41
26977	4
26978	2
26989	235
26991	4
26997	29
27003	1
27004	115
27005	177
27014	17
27018	2
27022	19
27029	4
27035	4
27047	4
27054	33
27060	10
27083	8
27084	2
27085	2
27088	4
27096	6
27097	5
27131	50
27133	1
27138	66
27141	2
27146	4
27147	18
27155	56
27161	13
27167	9
27169	243
27176	1
27177	12
27178	801
27179	5
27185	1
27193	75
27194	16
27197	256
27211	2864
27224	7
27231	77
27233	2
27243	20
27263	88
27264	1
27287	6
27292	14
27331	4
27347	14
27355	14
27359	2
27368	2
27397	2
27402	23
27425	110
27427	10
27431	7
27453	4
27463	1
27468	290
27481	2
27490	8
27491	319
27492	4
27493	7
27494	1139
27497	96
27503	62
27507	155
27508	16
27511	4
27512	1
27515	1
27529	3
27530	1
27531	2
27573	1054
27575	14
27578	1
27580	7
27583	340
27589	3
27597	33
27599	9
27603	6
27604	174
27605	4
27608	6
27611	360
27627	2
27663	18
27665	508
27668	2
27671	2093
27683	312
27700	1384
27703	42
27704	456
27712	15
27714	9
27719	18
27721	73
27728	22
27733	6
27735	4
27738	1
27741	8
27743	2331
27744	459
27748	14
27752	6
27754	5
27762	31
27766	6
27773	22
27774	9
27777	28
27778	14
27779	7
27781	22
27784	21
27792	2
27795	7
27798	28
27801	541
27803	4
27807	24
27810	980
27814	2
27815	23
27818	256
27821	6
27825	1
27827	1845
27832	1
27833	75
27835	519
27836	473
27837	17
27838	6
27839	29
27849	601
27850	31
27852	4
27861	97
27863	13
27872	1
27873	1
27874	312
27877	4
27886	1
27888	97
27891	5
27896	16
27898	4
27901	62
27902	13
27915	53
27927	87
27931	53
27934	56
27941	1813
27946	39
27950	8
27953	10
27954	146
27963	9
27964	10
27966	18
27969	139
27972	39
27973	217
27974	3
27976	2
27977	2
27979	1
27982	25
27983	5
27985	5
27988	6
27993	33
27994	2
27996	2145
28000	2
28003	3
28006	743
28009	10
28010	70
28014	25
28020	6
28023	3194
28024	8
28034	2
28037	1
28040	80
28041	2
28044	44
28057	2
28059	14
28062	4
28063	2
28065	2
28070	8
28071	8
28072	6
28074	20
28079	4
28082	1
28085	4
28088	4
28095	4
28096	67
28100	7
28101	2
28103	6
28118	3
28120	1
28126	13
28129	320
28134	2
28142	50
28145	195
28147	6
28149	42
28151	4
28155	24
28165	391
28168	14
28169	2
28170	2
28171	56
28172	2
28177	2
28179	152
28180	2
28181	43
28186	13
28189	6
28192	17
28193	283
28197	62
28201	179
28204	2
28205	22
28207	999
28216	16
28228	2
28234	155
28246	1014
28248	91
28251	8
28255	9
28263	15
28267	2
28271	311
28275	6
28286	159
28287	3
28288	81
28294	2
28304	176
28310	1
28316	13
28317	24
28327	4
28330	168
28331	9
28353	2
28356	119
28359	4
28363	87
28369	134
28373	3
28381	204
28385	28
28390	8
28392	54
28393	10
28404	3
28415	8
28417	28
28422	2
28435	9
28436	8
28437	12
28448	4
28450	29
28451	3
28459	5
28463	4
28465	2
28467	12
28478	3
28487	2
28493	4
28504	7
28508	7
28510	6
28511	45
28514	2
28516	7
28525	52
28526	65
28532	2
28540	7
28548	29
28558	3
28567	2
28572	4
28580	18
28583	4
28593	1
28595	34
28608	2
28609	4
28611	80
28617	2
28638	3
28639	3
28640	26
28654	4
28657	15
28683	1
28685	2
28689	1
28701	4
28702	6
28711	2
28712	2
28716	472
28734	123
28740	1
28748	7
28760	26
28766	1
28771	108
28779	50
28783	22
28784	4
28789	25
28792	6
28797	6
28809	3
28814	3
28818	1
28845	24
28846	5
28851	2
28857	227
28858	9
28872	2
28879	138
28895	5
28900	2
28902	2
28903	2
28909	2
28921	1
28925	3
28937	1
28953	1
28961	23
28966	5
28982	52
28988	35
29001	2
29004	5
29006	1
29017	1
29028	1
29031	47
29053	1
29066	354
29071	1
29074	1
29081	5
29087	3
29105	25
29128	7
29141	20
29151	22
29190	4
29226	4
29233	17
29237	5
29238	337
29241	4
29242	7
29245	1
29246	286
29255	162
29256	4
29260	6
29273	10
29275	133
29279	370
29281	24
29287	144
29289	213
29298	3
29305	86
29312	13
29313	119
29325	2
29339	1
29356	114
29366	607
29369	3
29392	6
29399	3
29403	40
29417	76
29420	8
29421	135
29422	11
29432	1
29436	1
29447	2
29450	2
29463	3
29467	2
29482	43
29483	9
29486	2
29492	5
29495	1
29503	73
29508	23
29509	27
29539	1
29548	4
29572	22
29577	392
29579	800
29581	2
29590	8
29595	28
29615	230
29616	9
29618	2
29627	3
29632	1
29634	13
29640	11
29645	8
29657	2
29662	6
29664	111
29677	11
29682	2
29694	9
29699	45
29701	2
29702	102
29705	5
29706	2
29723	2
29746	9
29747	6
29748	377
29749	31
29750	29
29756	9
29785	2
29787	6
29790	87
29791	3
29792	1
29802	6
29808	2
29811	2
29814	56
29827	6
29844	2
29852	4
29863	2
29872	1256
29916	15
29922	7
29926	42
29934	2
29935	4
29942	1
29973	2
29976	177
29978	5
29980	3
29983	654
29986	2
29987	79
29992	95
29995	3
29996	8
30000	5366
30001	144
30002	251
30003	17
30005	22
30007	50
30008	42
30010	2767
30011	1
30021	5
30028	26
30033	189
30036	14
30041	189
30045	6
30048	12
30050	14
30053	2
30054	1
30058	258
30064	2
30066	2
30067	4
30068	5
30070	5
30071	14
30079	1171
30086	101
30091	4
30095	10
30097	2
30149	206
30165	1
30274	37
30284	1
30330	74
30331	202
30332	7
30333	662
30334	131
30336	1
30340	89
30342	39
30343	87
30347	7
30382	16
30399	3
30402	2
30406	4
30408	5
30410	32
30416	25
30417	5
30422	4
30424	21
30427	56
30431	15
30435	3
30436	24
30439	2
30446	1004
30449	2
30450	2
30452	80
30456	388
30465	101
30473	10
30475	5
30476	1674
30489	2
30495	103
30522	1
30524	15
30528	9
30562	6
30563	4
30566	8
30629	2
30637	2
30690	134
30693	417
30697	2
30701	21
30703	1
30707	1929
30710	1
30719	6
30720	2
30721	9
30722	57
30740	60
30742	2
30746	4
30757	7
30759	12
30770	12
30772	4
30773	7
30778	2
30779	42
30783	1
30800	3
30805	1
30810	2
30813	4
30820	5
30827	4
30830	2
30834	2
30855	3
30857	1
30860	2
30865	51
30867	3
30869	2
30871	1
30874	2
30887	52
30908	43
30910	2
30913	7
30928	685
30945	21
30952	40
30959	63
30964	2
30977	5
30994	1
31020	2
31025	1
31034	6
31036	39
31038	507
31041	10
31047	16
31048	12
31049	24
31062	26
31063	8
31068	16
31069	16
31070	2064
31072	6
31074	50
31077	115
31080	5
31085	6
31098	4
31103	5
31105	2
31108	23
31109	26
31114	2
31118	1
31119	1480
31143	17
31150	9
31161	7
31162	2
31163	2
31166	21
31167	2
31168	39
31169	10
31177	2
31179	343
31181	1
31185	284
31192	1
31199	2
31204	1
31206	23
31209	335
31213	2
31215	9
31216	5
31227	12
31232	2
31243	10
31245	1
31246	25
31252	3
31255	4
31258	66
31260	12
31267	2
31275	2
31278	13
31282	271
31287	4
31291	6
31293	4
31296	2
31298	351
31302	8
31309	51
31319	6
31348	39
31350	41
31353	6
31354	303
31361	5
31377	6
31379	1
31383	1
31389	3
31401	8
31402	43
31406	1
31407	1
31432	2
31435	1002
31449	531
31452	84
31454	2
31456	18
31461	44
31466	2
31471	132
31478	44
31481	274
31487	4
31496	2
31503	3
31505	9
31515	6
31520	76
31526	4
31528	1
31532	735
31545	78
31558	7
31561	134
31563	251
31569	433
31570	8
31574	1
31584	2
31596	2
31602	6
31605	1
31616	2
31623	2
31637	29
31639	1
31649	26
31654	2
31658	7
31659	1
31661	7
31665	219
31672	11
31680	4
31684	1
31689	26
31705	11
31712	211
31716	6
31725	2
31755	1
31767	4
31777	8
31840	14
31852	2
31859	335
31867	2
31870	2
31881	14
31893	16
31895	2
31903	32
31908	5
31909	1
31911	1
31918	2
31921	4
31929	6
31934	33
31936	7
31954	2
31958	4
31966	2
31968	16
31992	225
31995	19
32000	557
32004	8
32005	64
32011	94
32013	41
32016	1
32020	4
32023	1
32025	7
32026	5
32032	1
32033	1
32034	79
32043	38
32048	36
32051	3
32057	1
32058	3
32066	2
32068	7
32069	6
32076	57
32080	21
32094	1
32097	61
32102	17
32104	1
32113	23
32117	4
32118	2
32121	22
32143	2
32147	30
32153	8
32154	5
32156	2
32160	3
32166	2
32171	98
32173	38
32177	48
32178	191
32180	4
32190	76
32191	5
32203	2
32207	191
32209	169
32210	7
32218	40162
32233	8
32239	4
32244	53
32257	2
32260	22
32290	2
32291	89
32294	138
32299	6
32302	2
32305	37
32306	1
32317	12
32321	8
32330	2
32331	2
32340	12
32350	33
32380	1
32412	2
32418	61
32422	4
32426	32
32428	4
32431	2
32433	2
32435	33
32440	2
32447	930
32451	4
32454	3
32455	2
32461	22
32463	20
32467	16
32469	24
32472	1
32475	6
32477	3
32483	1
32485	25
32487	1
32489	2
32491	1
32500	21
32501	4
32504	1
32511	21
32517	1
32526	2
32536	2
32537	2
32593	1
32597	5
32599	70
32600	2
32615	1
32622	43
32626	233
32645	67
32650	26
32652	15
32654	778
32663	2
32676	82
32681	93
32701	1307
32705	9
32709	1
32714	4
32722	22
32724	31
32736	71
32752	3
32764	27
32768	17
32769	115
32771	7
32773	31
32774	7
32786	4
32789	2
32819	9
32822	9
32824	2
32831	4
32834	5
32842	3
32844	4
32852	55
32854	66
32858	7
32862	9
32879	22
32882	1
32884	2
32887	5
32894	1
32899	18
32901	3
32903	10
32905	16
32918	1
32922	2
32929	16
32933	500
32943	50
32946	165
32963	4
32966	2
32972	12
32988	68
32993	23
32996	1
32997	2
33014	8
33021	387
33026	11
33031	38
33050	3
33073	3
33075	5
33079	14
33098	9
33104	1
33109	3
33136	4
33139	7
33144	4
33145	4
33150	7
33178	4
33203	12
33235	2
33240	3
33251	22
33253	9
33256	180
33258	2871
33267	24
33274	10
33276	24
33282	2
33286	2
33287	4
33288	305
33290	17
33292	14
33293	5
33294	57
33298	9
33303	1
33304	32
33308	2
33310	242
33311	81
33322	48
33323	2
33324	5
33334	3
33337	305
33351	11
33382	1
33387	2
33390	15
33391	398
33394	59
33402	2
33406	2
33410	6
33419	3
33421	2
33422	1
33426	2
33431	2
33433	7
33436	9
33437	58
33445	2
33446	139
33452	11
33453	1
33454	2
33457	513
33459	27
33463	2
33464	259
33469	11
33477	17
33485	11
33487	104
33489	98
33491	3
33492	3
33495	189
33509	252
33510	4
33511	2
33515	15
33521	52
33523	30
33529	1
33538	102
33539	8
33540	33
33541	57
33545	2
33548	2
33550	3
33559	8
33576	37
33581	3
33586	1
33589	2
33590	113
33603	19
33606	18
33609	210
33615	13
33618	99
33620	6
33624	57
33633	2
33635	22
33637	4
33643	9
33647	4
33655	124
33659	50
33670	4
33671	2
33673	2
33674	42
33678	3
33682	5
33688	4
33694	3
33698	1
33707	12
33713	27
33714	16
33719	2
33727	2
33733	27
33738	111
33743	3
33747	4
33750	5
33756	21
33769	2
33775	243
33776	5
33777	47
33778	23
33795	2
33796	1
33802	3
33804	118
33805	6
33821	4
33827	1
33829	46
33831	4
33832	26
33833	33
33836	58
33841	27
33853	63
33862	1
33865	538
33879	2
33883	41
33889	1
33891	5
33899	2
33900	1
33901	3
33909	22
33922	1
33931	2
33940	2
33943	6
33945	38
33948	3
33951	2
33970	127
33976	1
33979	2
33988	1
33993	7
34001	2
34013	12
34015	3
34021	2
34028	19
34030	44
34074	8
34081	14
34083	1
34093	3
34101	232
34106	2
34121	5
34126	1
34135	1
34137	2
34152	4
34154	1
34162	4
34164	1
34180	7
34186	4
34199	1
34201	6
34203	4
34217	161
34220	86
34222	1
34224	3
34241	2
34253	31
34255	518
34269	11
34276	262
34281	2
34282	6
34299	27
34306	7
34310	9
34311	113
34349	291
34382	75
34394	2
34398	6
34399	26
34411	7
34425	29
34442	4
34444	5
34453	4
34467	2
34503	11
34507	2
34509	6
34527	2
34532	1
34541	4
34552	3
34562	2
34566	2
34701	10
34722	2
34746	9
34749	2
34759	2
34784	2
34809	16
34849	2
34880	6
34886	7
34892	1336
34893	4
34899	93
34902	2
34903	2854
34905	11
34907	51
34913	21
34914	9
34915	37
34917	1
34920	26
34935	2
34942	2
34945	2
34952	1
34955	139
34966	13
34987	2
35009	8
35013	3
35023	50
35029	27
35036	4
35039	1
35041	3
35059	2
35069	11
35070	2
35072	2
35090	1
35092	2
35140	15
35167	5
35186	1
35199	3984
35201	56
35206	3
35207	6
35211	897
35215	2
35222	4
35226	12
35239	5
35242	12
35251	147
35258	1
35261	3
35264	72
35266	25
35268	1
35272	2
35273	5
35282	175
35292	2
35299	29
35328	3
35336	16
35338	4
35342	2
35347	13
35351	1
35352	53
35365	1
35370	42
35373	19
35377	6
35386	10
35388	4
35430	7
35433	6
35435	2
35440	66
35441	1
35465	8
35469	3
35477	3
35486	4
35488	32
35501	7
35516	1
35519	59
35527	11
35531	3
35535	43
35542	2
35563	14
35576	35
35582	21
35609	1
35611	16
35613	10
35641	1
35657	1
35686	181
35696	16
35703	25
35709	1
35715	689
35745	3
35753	2
35758	1
35759	1
35767	3
35768	6
35774	14
35786	1
35791	2
35799	1
35802	4
35806	1
35809	1
35821	2
35825	1
35832	4
35834	3
35843	3
35850	6
35851	2
35856	1
35871	3
35874	4
35878	2
35887	4
35889	2
35895	1768
35910	270
35914	1554
35920	96
35930	2
35937	15
35946	12
35947	3
35960	4
35970	1
35997	103
35998	12
36001	13
36002	2
36008	11
36009	4
36011	195
36015	11
36020	90
36023	4
36032	554
36039	16
36040	2
36051	4
36060	6
36066	17
36068	2
36070	2
36092	4
36093	3
36100	2
36125	8
36126	12
36129	30
36130	1
36132	8
36135	3
36136	1
36141	9
36149	20
36152	9
36153	4
36154	4
36158	2
36164	13
36169	4
36175	4
36182	1
36187	8
36190	5
36195	8
36196	289
36203	8
36208	42
36213	6
36215	14
36229	19
36234	2345
36235	1
36259	5
36275	72
36277	1
36286	4
36305	9
36317	10
36321	66
36328	8
36335	9390
36362	2
36367	46
36368	1
36424	2
36426	1
36447	2
36468	2
36523	177
36554	2964
36556	231
36557	74
36562	52
36578	69
36605	176
36619	4
36628	12
36629	8
36636	1
36637	13
36650	206
36664	4
36703	7
36710	53
36712	14
36713	15
36716	3
36718	2
36719	10
36733	4
36741	72
36745	11
36763	48
36771	3
36776	1
36784	22
36786	128
36793	23
36794	133
36795	41
36796	12
36797	19
36798	89
36801	6
36805	3
36807	2
36808	2
36814	19
36816	97
36817	1350
36820	13
36827	9
36828	31
36830	67
36838	10
36842	24
36843	8
36845	2
36852	3
36855	1
36861	52
36865	10
36870	8
36874	4
36883	1
36884	7
36887	24
36890	4588
36895	2427
36896	29
36898	10
36899	95
36914	22
36920	7
36930	12
36938	89
36939	189
36941	1
36942	4
36947	21867
36948	48
36949	2
36951	9
36960	139
36963	12
36965	7
36974	6
36981	8
36986	8
36988	2
36991	5
36996	14
36999	3
37002	18
37009	22
37011	2
37015	2
37019	4
37025	2
37026	4
37027	144
37030	13
37032	31
37038	10
37039	8
37041	8
37043	2
37045	14
37048	8
37049	4
37050	2
37051	2
37057	4
37066	14
37070	40
37071	2
37073	9
37075	3
37083	2
37089	475
37095	4
37096	691
37099	2
37101	19
37103	2
37108	6
37109	320
37111	339
37112	8
37117	1671
37118	2
37122	17
37124	2
37129	255
37150	2
37154	2
37159	2
37165	2
37167	1
37169	4
37193	2
37195	1
37197	19
37202	131
37218	2
37226	1
37237	2
37240	1
37257	2
37261	5
37264	5
37266	7
37291	24
37300	2
37319	4
37320	7
37324	701
37325	105
37326	2761
37327	6
37329	811
37340	165
37341	20
37347	8
37351	125
37372	1
37397	2
37428	31
37444	12194
37474	8
37478	3
37489	5
37492	4
37502	4
37504	514
37509	15
37528	2
37530	10
37549	11
37550	2
37586	2
37624	13
37626	2
37628	74
37670	42
37679	5
37682	2
37707	16
37723	2
37756	4
37758	1
37772	186
37782	2
37786	2
37799	3
37806	101
37857	15
37912	35
37941	679
37969	1
37971	4
37979	4
38012	7
38013	2
38047	19
38050	5
38054	7
38065	9
38075	1
38081	462
38085	2
38108	23
38125	2
38134	101
38138	16
38145	4
38148	1
38149	1
38155	6
38169	6
38177	14
38182	23
38189	1
38215	475
38236	15
38262	4
38263	1374
38271	270
38272	675
38281	8
38283	88
38289	2
38291	373
38296	2
38306	718
38307	21
38308	1
38331	1
38343	1
38364	26
38376	453
38386	2
38388	4
38389	4
38392	12
38393	1
38395	7
38397	10
38401	33
38405	2
38406	2
38410	3
38414	3
38420	1
38428	80
38433	3
38442	2864
38450	98
38451	309
38452	20
38453	1
38459	2
38463	496
38464	15
38466	7
38468	29
38469	27
38470	26
38471	78
38472	10
38473	4
38477	3
38480	6
38485	8
38491	2
38495	4
38498	557
38499	31
38500	1
38506	2
38512	739
38515	2
38517	138
38518	20
38520	1315
38522	8
38525	1199
38533	27
38534	90
38536	123
38538	20
38541	6
38542	15
38543	3
38544	4
38548	2
38555	103
38556	1
38560	4
38563	6
38567	99
38568	5
38576	2
38588	4
38592	22
38593	48
38596	138
38597	153
38598	42
38605	12
38609	11
38617	17
38619	2
38626	14
38627	34
38632	29
38634	10
38635	2
38642	128
38647	12
38651	4882
38660	3
38663	5
38666	50
38669	15
38678	2
38684	2
38686	60
38695	12
38706	10
38712	2
38728	4
38738	960
38742	43
38745	253
38750	5
38754	26
38761	3
38765	5
38769	5
38772	2
38797	80
38808	7
38816	16
38829	2
38836	2
38859	1
38867	5
38886	2
38889	4
38894	26
38899	98
38902	6
38907	1
38914	35
38915	7
38918	28
38920	351
38931	24
38936	36
38957	362
38964	6
38968	2
38972	6
38988	1
38989	26
38996	6
38997	4
39000	27
39023	16
39030	6
39033	2
39034	59
39038	2
39039	3
39046	3
39047	2
39053	10
39056	5
39064	4
39067	1
39069	94
39080	59
39082	3
39118	33
39131	69
39135	43
39147	2
39151	651
39154	4
39156	2
39164	5
39166	13
39171	5
39173	2
39177	2
39178	41
39184	8
39192	2
39208	1363
39277	11
39278	1
39280	4
39286	13
39292	1
39302	75
39318	243
39321	325
39336	1
39340	464
39342	2
39347	2
39348	1
39364	11
39365	758
39376	212
39378	217
39409	2
39423	58
39438	2
39442	2
39443	13
39464	20
39472	2
39531	2
39532	120
39543	2
39547	3
39550	2
39551	8
39557	2
39564	1
39582	3
39589	2
39592	15
39636	6
39640	5194
39658	4
39706	1
39740	59
39745	2
39746	5
39759	6
39764	2
39770	50
39791	4
39809	2
39822	21
39848	1
39851	5
39854	6
39881	4
39894	10
39899	1
39912	3
39920	2
39922	1
39938	4
39949	6
39952	58
39956	1
39981	2
39988	4
39993	3
39994	3
40018	8
40023	2
40060	7
40065	119
40092	15
40100	4
40120	2
40165	192
40169	8
40175	1
40179	38
40180	373
40182	2
40206	3
40232	89
40235	5
40251	11
40284	28
40288	6
40289	2
40303	2
40335	3
40367	25
40372	541
40434	23
40441	92
40442	7
40478	2
40480	2
40481	19
40483	1
40485	1
40493	6
40511	2
40517	2
40522	1
40527	2
40548	24
40560	3
40569	2
40573	12
40575	639
40594	2
40595	22
40599	30
40607	15
40613	8
40614	26
40617	2
40629	3
40633	2
40634	4
40635	127
40636	6
40643	171
40644	143
40654	29
40657	158
40658	275
40660	12
40664	5
40670	2
40671	2
40718	25
40723	26
40736	2
40763	157
40779	1
40784	106
40801	7
40845	246
40857	263
40860	9
42582	1
42583	2
44032	5574
44033	318
44036	414
44040	667
44048	456
44049	154
44051	25
44053	3321
44057	1
44060	1503
44061	64
44064	2
44068	230
44076	4
44079	42
44081	4
44096	4
44144	8810
44145	1
44148	2467
44152	29
44160	372
44172	1020
44176	2
44192	1
44200	22
44201	40
44204	47
44208	159
44216	11
44217	12
44221	6609
44228	3360
44256	12475
44257	3742
44260	128
44263	1
44264	817
44272	44
44273	5
44275	24
44277	5545
44278	80
44284	12587
44285	280
44288	4742
44305	3513
44312	8
44340	160
44361	2
44368	34480
44369	8
44396	10656
44397	5908
44400	1183
44403	6
44404	171
44412	1
44413	5
44415	233
44417	586
44428	181
44432	13
44480	290
44484	1
44508	129
44512	56
44516	27
44536	858
44537	408
44540	331
44544	80
44552	2946
44553	367
44557	1
44592	3375
44596	6
44600	4611
44608	1661
44611	2
44618	11
44620	89
44621	6
44624	4
44628	5
44645	2
44648	36
44669	1
44732	13
44733	3
44749	2
44753	3
44760	17
44844	42
44845	5
44852	7
44860	2
44861	1
44865	1
44867	269
44893	1
44928	1
44984	22
44992	4
45000	129
45033	1
45124	3
45132	1
45143	2
45149	62
45180	41
45196	8
45208	2885
45209	295
45210	135
45212	201
45216	59
45224	6454
45225	99
45227	3
45229	27
45236	3655
45240	1
45255	11
45257	74
45285	8
45320	250
45321	10
45328	1200
45331	2
45336	9
45337	4
45341	1
45348	859
45349	25
45352	4
45356	21
45367	20
45376	47
45377	2
45380	268
45392	119
45397	105
45400	1
45432	1347
45433	351
45436	375
45440	39
45448	1
45451	6
45453	2871
45458	126
45516	14
45544	361
45572	227
45576	26
45580	21
45588	14
45656	1
45684	371
45700	7
45712	58
45713	10
45716	158
45720	365
45733	426
45738	2
45740	2
45768	485
45769	200
45776	1
45784	16
45787	3
45789	222
45796	1668
45797	50
45800	3381
45804	492
45805	20
45806	7
45812	629
45813	194
45815	40
45817	2744
45824	12418
45825	2
45828	2
45840	15
45843	8
45845	4
45908	131
45909	2688
45912	17
45916	8
45924	5
45936	481
45937	1
45940	112
45944	33
45952	17
45957	6
45985	1
46020	10970
46021	544
46024	217
46027	21
46028	281
46036	8
46039	7
46041	23318
46045	1
46076	16
46104	1
46108	5
46123	2
46160	1547
46161	28
46164	306
46168	21
46176	1
46181	57
46244	8
46263	42
46272	4
46300	1315
46301	77
46304	158
46308	397
46316	9
46317	1
46321	8626
46356	726
46357	3
46360	18
46364	2
46372	3
46373	1
46375	10
46377	286
46384	7
46385	3
46392	11
46405	26
46412	2
46428	2
46433	6
46496	1
46497	33
46515	1
46516	1
46524	27
46608	31
46616	4
46629	2
46748	22
46749	96
46763	2
46769	4
46888	57
46892	1
46896	58
46904	30
46907	2
46944	19
46972	2182
46973	511
46976	303
46980	9
46988	297
46989	1
46993	1462
47000	1056
47001	12
47004	284
47016	76
47017	4
47019	22
47021	2
47028	1
47029	16
47045	2
47049	603
47084	564
47085	129
47088	8
47092	50
47100	9
47101	47
47105	10
47112	527
47113	49
47116	135
47120	5
47128	2
47131	47
47140	398
47141	108
47144	219
47148	29
47156	8
47161	514
47168	355
47196	15781
47197	233
47200	50
47204	14
47212	54
47215	319
47217	104
47280	2
47308	1200
47329	784
47336	533
47337	45
47340	18
47344	3
47352	40
47353	3
47355	15
47357	1
47448	432
47449	220
47452	101
47456	5
47464	3
47469	33
47476	299
47477	35
47480	503
47484	7
47492	334
47493	2
47495	14
47497	701
47532	30505
47533	86
47536	1901
47540	13
47548	2687
47549	911
47551	14
47553	54
47560	11045
47561	256
47564	814
47568	263
47569	112
47576	36
47579	20
47581	616
47582	37
47588	971
47589	100
47592	102
47596	1
47605	1
47609	30
47672	82
47673	15
47676	47
47680	8
47691	2
47693	4
47700	417
47701	2
47704	13
47708	8
47716	5
47719	2
47728	1
47729	10
47732	2375
47749	2462
47784	5143
47785	1719
47788	72
47792	28
47800	22
47803	39
47805	86
47868	78
47887	1
47896	163
47924	3145
47925	148
47928	5422
47932	3001
47943	2
47945	1
48036	13
48064	1
48068	1
48120	3950
48121	9
48124	3981
48127	20
48128	242
48136	1
48139	3
48141	26
48143	15
48145	12
48148	929
48149	2350
48150	2
48152	735
48155	2
48156	666
48157	101
48164	47
48165	35
48167	2
48169	3311
48173	161
48176	517
48177	1709
48184	69
48192	4
48195	33
48197	170
48260	531
48261	6
48264	524
48268	231
48276	327
48277	399
48279	5
48281	4
48282	7
48283	4
48288	279
48289	1
48292	82
48295	26
48296	58
48307	5
48309	1
48316	48
48317	268
48320	623
48324	313
48337	5682
48341	1
48372	4593
48373	1183
48374	2
48376	798
48380	14
48388	65
48391	4
48393	2929
48420	3
48512	6921
48513	2733
48516	367
48520	678
48521	5
48528	8
48531	2
48533	14
48596	5
48624	60
48652	359
48656	58
48660	184
48708	2446
48709	91
48712	105
48716	1039
48727	9
48729	167
48730	2
48731	309
48736	11
48744	22
48757	5
48764	10
48785	1
48876	1
48904	4
48960	20
48968	2
49100	26
49104	1
49108	7
49240	26
49244	23
49256	18
49296	5
49324	11110
49325	13
49328	13398
49332	101
49334	4
49340	6950
49341	46
49343	13
49345	3930
49352	1196
49353	227
49356	7
49360	3
49368	218
49371	59
49373	711
49380	71
49388	10
49397	23
49399	9
49401	18
49406	16
49436	11027
49437	2187
49440	2930
49444	1674
49452	240
49453	49
49455	13
49457	9718
49462	10
49464	2530
49468	3239
49472	22
49480	47
49481	9
49483	5
49492	19
49496	1393
49500	6
49520	1
49528	1
49548	14033
49549	5119
49552	177
49555	4
49556	518
49564	52
49565	4
49567	5
49569	2759
49573	7
49604	39
49632	100
49651	2
49660	60
49664	1
49677	1
49681	18
49688	5581
49689	181
49692	803
49696	535
49704	4
49707	6
49709	269
49711	90
49714	121
49744	22
49752	10
49772	43
49780	9
49788	60
49789	1
49800	151
49808	3
49816	1
49828	4426
49832	7
49836	120
49844	20
49845	48
49849	495
49884	5836
49885	1234
49888	8648
49892	963
49899	1
49900	646
49901	267
49903	4
49905	119
49910	1
49912	27
49913	98
49916	11
49920	20
49928	11
49933	496
49944	2
49961	1
50024	18
50028	77
50032	14
50040	3
50052	19
50056	15
50060	1
50136	2
50137	2
50144	3
50277	29
50416	14
50472	370
50473	1
50476	20
50480	1
50491	1
50493	13
50500	9452
50501	554
50504	5839
50508	307
50516	2817
50517	118
50519	12
50521	1613
50526	8777
50528	263
50529	3
50532	249
50536	8
50544	3
50547	1
50549	17
50556	594
50557	668
50560	90
50564	63
50575	39
50577	5443
50584	1
50612	2288
50613	40
50616	237
50620	45
50628	132
50629	1251
50630	9
50631	1
50633	3
50640	990
50641	44
50644	197
50648	289
50656	121
50659	3
50661	2
50668	2195
50669	6624
50672	3988
50676	331
50684	194
50685	27
50687	1
50689	4669
50694	8
50696	1143
50704	2
50715	30
50724	2937
50725	945
50728	702
50732	327
50740	13
50743	24
50745	56
50747	2
50752	346
50756	180
50760	6
50771	1
50772	4
50773	535
50780	13
50799	2
50808	2441
50827	1
50836	596
50837	208
50857	3050
50864	6781
50865	60
50868	2353
50872	3295
50880	44
50883	20
50885	179
50892	211
50893	134
50896	26453
50900	2593
50920	131
50928	174
50937	3
50948	580
50949	10
50952	36
50956	14
50967	27
50969	1
50976	11036
50977	1228
50980	304
50984	394
50997	27
51004	40
51005	1
51008	3546
51012	1975
51020	826
51021	525
51025	204
51032	13843
51060	7588
51061	461
51064	5494
51068	3755
51076	620
51077	3995
51079	6
51080	19
51081	22
51082	1
51086	12
51088	3276
51089	373
51092	33
51095	1
51104	466
51105	6
51107	5
51109	8858
51116	1433
51132	2
51135	1
51137	28
51144	5
51148	1
51172	1
51200	346
51201	280
51204	3985
51208	200
51210	2
51216	3074
51217	29
51219	8
51221	7747
51228	3784
51229	2
51232	41
51236	52
51244	3
51256	9
51260	9
51312	1504
51313	124
51316	69
51333	2280
51339	141
51340	369
51424	3
51428	2
51452	12453
51453	646
51456	207
51460	30
51468	2
51473	7585
51564	32
51568	1
51572	1
51592	271
51593	12
51596	22
51600	32
51608	2
51613	414
51648	8437
51649	330
51652	4198
51656	338
51664	8
51665	5008
51667	2
51669	24
51674	6
51676	13
51677	3
51692	4
51697	11
51900	2
51901	13
51921	1
52040	1
52041	12
52180	3
52236	9
52252	292
52264	7596
52265	18
52268	89
52272	1612
52280	358
52283	1
52285	2034
52286	1
52292	126
52293	45
52308	5
52320	3
52324	1
52376	84
52377	259
52380	7699
52384	809
52392	45
52393	3
52395	2
52397	3949
52404	2611
52408	5
52412	13
52432	5
52436	1
52488	7288
52489	7
52492	2270
52496	1
52507	2
52509	35
52524	15
52572	239
52600	4
52628	331
52629	1461
52632	386
52636	570
52644	6
52649	647
52656	1
52684	1
52712	440
52740	8
52768	171
52769	2608
52770	4
52789	6
52824	9830
52828	52
52832	392
52833	2
52840	97
52843	14
52845	4
52852	542
52856	19
52860	251
52868	1
52880	85
52884	8
52888	8
52896	103
52899	4
52901	1
52964	42
52968	40
52972	29
52980	105
52981	156
52983	1
52992	276
52996	3
53000	3
53011	9
53076	681
53080	223
53084	164
53092	47
53097	11
53104	1
53108	1
53132	28
53168	1
53188	2
53216	49
53220	1
53224	46
53232	1
53244	1
53248	1
53272	6
53301	3
53304	32
53308	1
53328	59
53336	1
53356	739
53360	150
53364	256
53412	182
53416	45
53428	56
53431	1
53433	51
53440	1278
53441	96
53444	463
53448	78
53449	1
53456	26
53457	475
53461	122
53468	1301
53469	436
53489	7
53552	4526
53553	4
53556	54
53560	168
53568	33
53569	2
53571	5
53573	1
53580	341
53581	203
53584	17
53588	5238
53596	10
53597	1
53664	644
53665	2
53668	39
53672	115
53680	4
53681	19
53683	3
53685	1143
53748	108
53804	74
53812	5
53825	4
53888	3
53916	5
53924	1
53944	12841
53945	96
53948	136
53952	22
53960	1
54000	510
54001	41
54004	14
54008	20
54016	6
54021	10
54028	6571
54029	7
54032	292
54036	440
54044	29
54045	1
54049	6
54056	102
54057	5
54060	53
54064	20
54075	4
54077	35
54140	272
54144	7
54148	3
54156	19
54168	119
54169	6
54172	1176
54176	14
54184	1
54187	59
54189	1
54196	1
54200	1114
54212	1
54217	2947
54224	16
54252	3360
54253	76
54256	20
54260	53
54268	6
54273	1
54364	120
54392	523
54396	1
54400	65
54408	217
54411	3
54413	903
54476	1
54504	82
54532	870
54536	6
54540	369
54588	1107
54589	221
54592	12
54596	180
54609	63
54616	3781
54617	14211
54620	9211
54624	1122
54632	338
54633	1320
54635	2
54637	1808
54644	3465
54645	5
54648	1
54660	1
54663	49
54665	2667
54672	1
54693	530
54728	178
54729	1
54732	124
54736	5
54744	91
54747	2
54749	1
54756	42
54757	1
54760	2
54764	54
54785	33
54788	3284
54792	13
54801	3133
54805	1381
54812	381
54840	5560
54841	1
54844	13
54848	127
54856	208
54857	2
54861	879
54868	5611
54869	2
54872	753
54876	415
54885	4
54889	777
54915	1
54924	2563
54925	13
54928	1
54943	4386
54945	78
54952	674
54980	1010
54984	223
54988	2
55008	1
55012	1
55036	162
55064	130
55072	7
55092	1129
55113	20
55120	1
55121	134
55124	7
55128	35
55129	7
55136	2
55137	4
55141	1551
55145	1
55148	804
55152	16
55156	1
55176	14
55184	171
55192	15
65165	1
65198	1
65240	1
65247	1
65252	1
65281	3
65286	7
65288	298
65289	281
65293	19
65296	2
65297	50
65298	169
65299	19
65300	81
65301	15
65302	18
65303	13
65304	32
65305	3
65306	85
65307	2
65309	11
65311	3
65313	2
65320	1
65322	7
65323	4
65324	2
65326	1
65328	3
65330	5
65331	4
65337	2
65351	1
65353	1
65355	3
65358	1
65362	1
65374	1
65381	5
65533	84

Total symbols: 6346
