0
6425
8738
19033
34815
352205
401446
705791
988160
1118464
1118481
1251584
1317888
1407476
1643545
1913758
1973790
2038555
2171163
2236945
2236962
2257467
2302755
2496790
2498323
2499106
2631706
2641970
2695475
2770241
2827062
2828327
2836760
3043273
3155515
3354413
3355443
3418688
3584191
3677969
3677972
3681605
3832097
4011550
4263680
4311295
4334872
4473924
4495803
4605510
4622165
4991515
5064516
5131837
5286655
5592345
5592405
6052945
6381914
6381921
6438271
6510384
6513500
6645086
6710886
7033108
7224647
7565931
7829367
7870745
8026746
8355711
8421504
8947848
9163744
9211020
9868678
9868950
10066329
10167040
10167045
10202935
11184810
11190117
11453035
11584112
11710882
11711154
11781233
12303274
12372094
12763315
12876543
13029267
13155550
13224123
13229526
13484259
13615592
13620648
13746411
13749671
13942770
14934482
15000299
15088695
15591638
15592411
15658734
15744010
15920858
15921870
16308697
16311482
16316664
16557154
16575614
16741158
16742950
16746278
16746413
16749632
16750592
16752972
16763432
16764006
16774560
16777215
436207616
437326080
442260561
444234362
451800027
452984831
609045837
655629312
666683518
856756480
856756497
857551774
857874978
858466343
860111940
861230421
861690961
862151516
862348902
863203947
863664762
865871792
868862139
871230427
871954680
872415231
1216522952
1292964096
1296319556
1297438037
1298359132
1301911961
1308576652
1308604747
1308622847
1545508592
1548466662
1711276032
1712394496
1713512994
1714104359
1717328977
1719302778
1724500155
1727592696
1728053247
2149720610
2150311975
2151957572
2156681728
2157549977
2160707771
2163595048
2163800312
2163913763
3019898879
3258727484
3423803648
3423869952
3433742181
3434005099
3434136176
3434333297
3434924158
3435581331
3942645760
4043309055
