2.5 15.0
3.0 30.0
4.0 45.0
1.0 10.0
1.0 15.0
1.0 22.0
3.0 3.0 1.5 3.0
4.0 4.0 1.9 4.0
6.0 6.0 2.5 6.0
8.0 8.0 3.0 8.0
0.9 0.9
2.8 1.4 1.4 1.0
4.0 2.0 2.0 1.2
6.0 3.0 3.0 1.5
0.9 0.4
1.3 0.9
1.8 0.9
2.7 1.26
3.6 1.8
4.5 1.8
7.2 2.7
9.0 3.6
2.0 2.0
10.8 4.5
13.5 5.4
18.0 6.2
5.0 2.0
6.0 2.5
8.0 3.0
10.0 3.5
5.0 3.0
6.0 4.2
8.0 5.5
10.0 6.7
2.0 1.0
3.6 1.6
5.0 2.2
5.4 2.7
7.0 3.0
16.2 8.1
5.0 5.0
4.0 4.0
3.5 2.0
4.0 2.5
6.0 3.5
8.0 4.5
3.5 2.7
4.0 3.2
6.0 4.7
8.0 6.2
1.0 2.0
1.8 2.5
2.8 3.5
1.0 4.0
1.6 6.0
2.8 8.0
1.5 1.3
1.8 1.6
2.5 2.2
3.2 2.8
4.0 3.5
9.0 3.5
12.0 3.5
4.0 2.0 2.0 1.5
6.0 3.0 3.0 2.0
8.0 4.0 4.0 3.0
1.4 1.4
1.5 1.5
3.0 3.5 4.5 1.2
3.5 5.0 6.0 1.4
4.0 6.0 8.0 1.5
5.0 7.0 10.0 1.9
1.0 80.0
6.3 6.3
1.8 5.4
4.5 4.5
8.1 8.1
10.0 10.0
13.0 13.0
16.0 16.0
2.7 2.7
4.95 4.95
6.0 1.0
7.0 1.2
9.0 1.7
12.0 2.2
3.5 2.5
4.0 3.0
6.0 4.5
8.0 6.0
1.5 2.5
2.5 4.0
3.6 5.0
1.4 5.0
2.3 9.0
3.5 11.0
12.0 4.0
6.0 8.5 12.0 2.3
1.0 50.0
8.0 8.0
1.8 5.5
2.5 7.0
5.2 5.2
3.5 3.5
10.1 10.1
0.8 12.0
1.15 14.0
1.25 16.0
1.5 19.0
